5.205 5.128
5.205 5.154
5.205 5.154
5.205 5.154
5.205 5.154
5.231 5.154
5.205 5.179
5.231 5.179
5.231 5.179
5.231 5.205
5.231 5.179
5.257 5.205
5.257 5.205
5.231 5.205
5.257 5.205
5.257 5.205
5.257 5.205
5.257 5.205
5.231 5.205
5.231 5.179
5.179 5.154
5.154 5.128
5.128 5.102
5.102 5.076
5.102 5.076
5.102 5.076
5.128 5.076
5.231 5.179
5.282 5.231
5.282 5.257
5.36 5.308
5.411 5.385
5.385 5.36
5.308 5.282
5.282 5.231
5.282 5.231
5.282 5.231
5.282 5.231
5.282 5.257
5.282 5.257
5.282 5.257
5.308 5.257
5.334 5.282
5.334 5.282
5.385 5.334
5.385 5.36
5.411 5.385
5.437 5.385
5.437 5.411
5.437 5.385
5.437 5.385
5.437 5.411
5.437 5.411
5.437 5.411
5.437 5.411
5.437 5.385
5.411 5.385
5.385 5.36
5.385 5.36
5.385 5.334
5.385 5.36
5.385 5.36
5.411 5.385
5.411 5.385
5.411 5.385
5.437 5.385
5.411 5.385
5.411 5.385
5.411 5.385
5.411 5.385
5.411 5.385
5.411 5.36
5.385 5.36
5.385 5.36
5.385 5.36
5.385 5.36
5.385 5.36
5.385 5.385
5.411 5.385
5.411 5.385
5.411 5.385
5.411 5.385
5.411 5.385
5.411 5.385
5.411 5.385
5.385 5.36
5.385 5.36
5.385 5.36
5.385 5.36
5.385 5.334
5.36 5.334
5.36 5.334
5.36 5.334
5.36 5.334
5.36 5.334
5.36 5.334
5.36 5.334
5.36 5.334
5.36 5.334
5.36 5.334
5.36 5.334
5.36 5.334
5.334 5.334
5.334 5.334
5.334 5.334
5.334 5.334
5.334 5.334
5.334 5.334
5.334 5.334
5.334 5.334
5.334 5.334
5.334 5.334
5.334 5.334
5.334 5.334
5.36 5.308
5.36 5.334
5.334 5.334
5.36 5.334
5.385 5.334
5.385 5.36
5.411 5.36
5.411 5.385
5.411 5.385
5.385 5.36
5.411 5.36
5.385 5.36
5.385 5.36
5.411 5.36
5.411 5.36
5.437 5.385
5.437 5.411
5.437 5.411
5.437 5.385
5.437 5.385
5.437 5.385
5.437 5.385
5.437 5.385
5.437 5.411
5.437 5.411
5.437 5.411
5.462 5.411
5.462 5.437
5.488 5.437
5.488 5.462
5.514 5.462
5.514 5.488
5.539 5.488
5.539 5.488
5.539 5.488
5.539 5.488
5.539 5.488
5.539 5.514
5.539 5.514
5.539 5.514
5.565 5.514
5.565 5.514
5.565 5.514
5.565 5.514
5.565 5.539
5.565 5.539
5.565 5.539
5.565 5.539
5.565 5.539
5.565 5.539
5.565 5.539
5.565 5.539
5.565 5.539
5.565 5.539
5.565 5.539
5.565 5.539
5.565 5.539
5.565 5.539
5.565 5.539
5.565 5.539
5.565 5.539
5.565 5.539
5.565 5.539
5.565 5.539
5.591 5.539
5.591 5.539
5.591 5.565
5.591 5.565
5.591 5.539
5.591 5.539
5.591 5.539
5.591 5.539
5.591 5.539
5.591 5.539
5.591 5.539
5.591 5.539
5.591 5.539
5.591 5.539
5.591 5.565
5.616 5.591
5.642 5.591
5.642 5.591
5.642 5.591
5.642 5.591
5.642 5.591
5.642 5.616
5.642 5.616
5.642 5.616
5.642 5.616
5.642 5.616
5.642 5.616
5.642 5.616
5.642 5.616
5.642 5.616
5.642 5.616
5.642 5.616
5.642 5.616
5.642 5.616
5.642 5.616
5.642 5.616
5.642 5.616
5.642 5.616
5.642 5.616
5.642 5.616
5.642 5.616
5.642 5.616
5.642 5.616
5.642 5.616
5.642 5.616
5.642 5.616
5.642 5.616
5.642 5.616
5.642 5.616
5.642 5.616
5.642 5.616
5.642 5.616
5.642 5.616
5.642 5.591
5.642 5.591
5.642 5.591
5.642 5.591
5.642 5.591
5.642 5.591
5.642 5.591
5.642 5.591
5.642 5.591
5.616 5.591
5.616 5.591
5.616 5.591
5.616 5.591
5.616 5.591
5.616 5.591
5.616 5.591
5.616 5.591
5.616 5.591
5.616 5.591
5.616 5.591
5.616 5.591
5.616 5.591
5.616 5.591
5.616 5.591
5.616 5.591
5.642 5.591
5.616 5.591
5.616 5.591
5.642 5.591
5.642 5.591
5.642 5.591
5.642 5.591
5.642 5.616
5.642 5.616
5.668 5.642
5.668 5.642
5.693 5.642
5.693 5.642
5.693 5.668
5.693 5.642
5.693 5.642
5.693 5.642
5.693 5.668
5.693 5.668
5.693 5.668
5.668 5.642
5.668 5.642
5.668 5.642
5.668 5.642
5.668 5.642
5.668 5.642
5.668 5.642
5.668 5.642
5.668 5.642
5.668 5.642
5.693 5.642
5.693 5.642
5.693 5.642
5.693 5.668
5.719 5.693
5.719 5.693
5.719 5.693
5.745 5.693
5.745 5.693
5.745 5.693
5.745 5.693
5.745 5.693
5.745 5.693
5.745 5.693
5.745 5.719
5.745 5.719
5.745 5.719
5.745 5.719
5.745 5.719
5.745 5.719
5.745 5.719
5.745 5.719
5.77 5.745
5.77 5.745
5.77 5.745
5.77 5.745
5.77 5.745
5.745 5.745
5.77 5.745
5.745 5.719
5.745 5.719
5.745 5.719
5.745 5.719
5.745 5.719
5.745 5.719
5.745 5.719
5.745 5.719
5.745 5.719
5.745 5.693
5.745 5.719
5.745 5.719
5.745 5.719
5.745 5.719
5.719 5.693
5.719 5.693
5.693 5.693
5.693 5.668
5.693 5.668
5.693 5.668
5.693 5.668
5.693 5.668
5.668 5.668
5.668 5.642
5.668 5.642
5.642 5.642
5.642 5.616
5.642 5.616
5.642 5.616
5.616 5.591
5.565 5.565
5.565 5.539
5.539 5.514
5.539 5.514
5.514 5.488
5.539 5.514
5.514 5.488
5.539 5.514
5.539 5.514
5.539 5.514
5.514 5.488
5.514 5.514
5.514 5.488
5.514 5.488
5.514 5.488
5.514 5.488
5.462 5.437
5.488 5.462
5.437 5.437
5.411 5.411
5.411 5.385
5.385 5.385
5.385 5.36
5.385 5.36
5.36 5.36
5.36 5.334
5.36 5.334
5.334 5.334
5.334 5.308
5.334 5.308
5.308 5.282
5.282 5.282
5.282 5.282
5.282 5.282
5.257 5.257
5.282 5.257
5.282 5.257
5.282 5.257
5.257 5.231
5.257 5.231
5.231 5.231
5.231 5.205
5.231 5.205
5.205 5.179
5.179 5.179
5.179 5.179
5.179 5.154
5.154 5.154
5.154 5.128
5.154 5.128
5.154 5.128
5.128 5.128
5.128 5.128
5.128 5.102
5.128 5.102
5.128 5.128
5.128 5.102
5.128 5.102
5.128 5.102
5.128 5.102
5.128 5.102
5.128 5.102
5.128 5.102
5.128 5.102
5.128 5.102
5.128 5.102
5.128 5.102
5.128 5.102
5.128 5.102
5.128 5.102
5.128 5.102
5.128 5.102
5.128 5.102
5.128 5.102
5.128 5.128
5.154 5.128
5.154 5.128
5.154 5.128
5.154 5.128
5.154 5.102
5.154 5.128
5.154 5.128
5.154 5.128
5.154 5.128
5.154 5.128
5.154 5.128
5.179 5.128
5.179 5.128
5.179 5.154
5.179 5.128
5.205 5.154
5.205 5.179
5.231 5.179
5.231 5.205
5.231 5.205
5.231 5.179
5.231 5.179
5.231 5.179
5.231 5.179
5.231 5.179
5.205 5.179
5.205 5.179
5.205 5.179
5.179 5.154
5.179 5.154
5.179 5.128
5.179 5.128
5.179 5.128
5.179 5.128
5.154 5.128
5.154 5.128
5.154 5.128
5.154 5.128
5.154 5.128
5.154 5.128
5.154 5.128
5.154 5.128
5.154 5.128
5.154 5.128
5.128 5.128
5.154 5.128
5.154 5.128
5.154 5.128
5.154 5.128
5.154 5.128
5.154 5.128
5.179 5.128
5.154 5.128
5.128 5.102
5.128 5.102
5.128 5.102
5.128 5.102
5.128 5.102
5.128 5.102
5.128 5.102
5.154 5.128
5.154 5.128
5.154 5.128
5.179 5.128
5.179 5.154
5.179 5.154
5.179 5.154
5.179 5.154
5.179 5.154
5.179 5.154
5.179 5.154
5.179 5.154
5.154 5.128
5.154 5.128
5.128 5.102
5.128 5.102
5.128 5.102
5.128 5.102
5.128 5.102
5.128 5.102
5.128 5.076
5.102 5.076
5.076 5.05
5.076 5.05
5.05 5.024
5.024 5.024
5.024 5.024
5.024 4.999
4.999 4.973
4.999 4.973
4.973 4.947
4.973 4.947
4.947 4.921
4.973 4.921
4.973 4.921
4.973 4.947
4.973 4.921
4.973 4.947
4.947 4.921
4.947 4.921
4.947 4.921
4.947 4.921
4.947 4.921
4.947 4.921
4.947 4.921
4.947 4.921
4.947 4.921
4.921 4.921
4.921 4.895
4.921 4.921
4.921 4.921
4.921 4.895
4.921 4.895
4.921 4.895
4.921 4.869
4.895 4.869
4.895 4.869
4.895 4.869
4.895 4.869
4.869 4.844
4.844 4.818
4.792 4.766
4.792 4.766
4.766 4.74
4.766 4.74
4.766 4.714
4.74 4.714
4.74 4.714
4.766 4.714
4.766 4.74
4.792 4.74
4.818 4.766
4.818 4.792
4.792 4.766
4.792 4.766
4.792 4.766
4.792 4.766
4.792 4.766
4.818 4.766
4.818 4.792
4.818 4.792
4.818 4.792
4.818 4.792
4.818 4.792
4.844 4.818
4.844 4.818
4.844 4.818
4.869 4.818
4.869 4.844
4.895 4.844
4.895 4.869
4.921 4.869
4.921 4.895
4.921 4.895
4.921 4.895
4.921 4.895
4.921 4.895
4.947 4.921
4.947 4.921
4.947 4.921
4.973 4.921
4.973 4.947
4.973 4.947
4.973 4.947
4.999 4.973
4.999 4.973
4.999 4.973
4.999 4.973
5.024 4.999
5.024 4.999
5.05 5.024
5.05 5.024
5.05 5.024
5.05 5.024
5.076 5.024
5.05 5.024
5.05 5.024
5.05 5.024
5.05 5.024
5.05 5.024
5.024 5.024
5.05 5.024
5.05 5.024
5.05 5.024
5.024 5.024
5.024 5.024
5.024 5.024
5.024 5.024
5.024 4.999
5.024 4.999
5.024 4.999
5.024 4.999
5.024 4.999
5.024 4.999
5.024 4.973
4.999 4.973
4.999 4.973
4.999 4.973
4.973 4.947
4.973 4.947
4.973 4.947
4.973 4.947
4.973 4.921
4.973 4.921
4.947 4.921
4.921 4.921
4.947 4.921
4.921 4.895
4.921 4.895
4.921 4.895
4.921 4.895
4.895 4.869
4.895 4.869
4.895 4.869
4.869 4.869
4.869 4.844
4.869 4.844
4.921 4.895
4.947 4.921
4.973 4.921
4.973 4.947
4.973 4.947
4.973 4.947
4.999 4.973
4.999 4.973
4.999 4.973
4.999 4.973
4.921 4.895
4.921 4.895
4.947 4.921
4.973 4.947
4.973 4.947
4.973 4.973
4.999 4.947
4.973 4.973
4.973 4.973
4.947 4.921
4.947 4.921
4.947 4.921
4.973 4.947
4.973 4.973
4.973 4.973
4.973 4.947
4.973 4.947
4.921 4.895
4.895 4.869
4.895 4.869
4.921 4.869
4.921 4.895
4.921 4.895
4.921 4.895
4.921 4.921
4.921 4.895
4.895 4.869
4.895 4.869
4.895 4.869
4.921 4.869
4.921 4.869
4.921 4.869
4.921 4.895
4.921 4.895
4.921 4.895
4.921 4.869
4.895 4.869
4.895 4.869
4.869 4.844
4.895 4.844
4.869 4.869
4.895 4.869
4.895 4.869
4.895 4.869
4.895 4.869
4.869 4.844
4.869 4.844
4.869 4.844
4.869 4.844
4.895 4.869
4.869 4.844
4.844 4.818
4.895 4.869
4.895 4.869
4.895 4.869
4.895 4.869
4.921 4.869
4.921 4.895
4.921 4.895
4.947 4.921
4.947 4.921
4.947 4.921
4.947 4.921
4.973 4.921
4.999 4.973
4.999 4.973
5.024 4.973
5.024 4.999
4.999 4.999
5.05 5.024
5.05 5.024
5.05 5.024
5.076 5.024
5.076 5.05
5.076 5.05
5.076 5.076
5.102 5.076
5.102 5.076
5.102 5.076
5.128 5.102
5.128 5.102
5.076 5.102
5.128 5.102
5.128 5.076
5.102 5.076
5.102 5.076
5.102 5.076
5.102 5.076
5.102 5.076
5.102 5.076
5.102 5.076
5.102 5.076
5.05 5.05
5.05 5.05
5.05 5.024
5.05 5.024
5.024 4.999
5.024 4.999
4.999 4.973
4.999 4.973
4.973 4.973
4.973 4.947
4.947 4.921
4.921 4.921
4.921 4.921
4.869 4.895
4.869 4.869
4.895 4.869
4.869 4.869
4.818 4.844
4.818 4.818
4.844 4.818
4.818 4.792
4.792 4.766
4.792 4.766
4.792 4.766
4.792 4.766
4.766 4.74
4.74 4.714
4.714 4.714
4.714 4.688
4.688 4.688
4.688 4.662
4.688 4.662
4.662 4.662
4.662 4.636
4.636 4.61
4.61 4.61
4.61 4.61
4.584 4.584
4.584 4.584
4.584 4.558
4.532 4.558
4.532 4.532
4.532 4.506
4.506 4.506
4.506 4.506
4.454 4.48
4.48 4.454
4.454 4.454
4.48 4.454
4.48 4.454
4.454 4.428
4.428 4.428
4.454 4.428
4.428 4.402
4.376 4.376
4.376 4.35
4.35 4.35
4.35 4.35
4.402 4.376
4.376 4.376
4.376 4.376
4.376 4.35
4.35 4.35
4.35 4.35
4.35 4.324
4.298 4.298
4.272 4.272
4.246 4.246
4.246 4.22
4.22 4.194
4.194 4.168
4.141 4.168
4.141 4.141
4.115 4.115
4.089 4.089
4.063 4.063
4.063 4.037
4.089 4.063
4.089 4.063
4.115 4.089
4.115 4.115
4.115 4.089
4.089 4.089
4.089 4.063
4.089 4.063
3.985 4.011
3.958 3.958
4.011 3.985
4.011 3.985
4.011 3.985
4.011 3.985
4.011 3.985
4.037 4.037
4.089 4.063
4.089 4.089
4.089 4.089
4.089 4.063
4.063 4.063
4.089 4.063
4.011 4.011
4.011 3.985
4.011 3.985
3.985 3.958
3.985 3.932
3.932 3.932
3.932 3.88
3.906 3.88
3.88 3.854
3.854 3.827
3.827 3.827
3.932 3.932
4.168 4.141
4.324 4.298
4.35 4.324
4.376 4.35
4.402 4.376
4.454 4.454
4.454 4.428
4.428 4.402
4.402 4.376
4.324 4.324
4.298 4.298
4.298 4.298
4.324 4.324
4.35 4.35
4.35 4.35
4.376 4.35
4.376 4.376
4.376 4.35
4.35 4.324
4.35 4.324
4.376 4.35
4.272 4.272
4.246 4.246
4.272 4.246
4.246 4.272
4.272 4.272
4.298 4.298
4.298 4.298
4.272 4.298
4.272 4.298
4.272 4.246
4.272 4.246
4.194 4.22
4.141 4.141
4.063 4.063
4.037 4.037
3.932 3.932
3.985 4.037
4.168 4.168
4.168 4.194
4.168 4.194
4.168 4.168
4.115 4.141
4.168 4.141
4.089 4.115
4.037 4.089
4.037 4.063
4.037 4.037
4.037 4.037
4.037 4.037
4.037 4.011
4.011 4.011
3.985 4.011
3.958 3.958
3.932 3.932
3.827 3.88
3.827 3.88
3.827 3.827
3.88 3.88
3.827 3.827
3.696 3.696
3.643 3.696
3.775 3.775
3.749 3.722
3.67 3.617
3.591 3.617
3.538 3.538
3.617 3.591
3.564 3.564
3.274 3.274
3.195 3.195
3.142 3.168
3.301 3.327
3.722 3.696
3.775 3.775
3.722 3.749
3.775 3.749
3.775 3.775
3.749 3.775
3.775 3.775
3.722 3.722
3.67 3.67
3.67 3.67
3.643 3.643
3.643 3.643
3.643 3.643
3.617 3.617
3.643 3.643
3.591 3.564
3.485 3.512
3.38 3.354
3.512 3.512
3.564 3.564
3.538 3.564
3.538 3.591
3.538 3.564
3.485 3.512
3.406 3.433
3.38 3.38
3.354 3.327
3.274 3.274
3.142 3.142
2.823 2.823
2.557 2.557
2.69 2.664
2.664 2.664
2.69 2.664
2.637 2.664
2.61 2.61
2.61 2.637
2.557 2.584
2.69 2.69
2.664 2.664
2.664 2.664
2.637 2.664
2.664 2.664
2.664 2.664
2.69 2.664
2.664 2.664
2.664 2.664
2.61 2.61
2.584 2.557
2.61 2.61
2.664 2.664
2.903 2.903
2.983 2.983
2.93 2.956
2.93 2.93
2.664 2.69
2.744 2.69
2.983 2.956
2.93 2.93
3.116 3.089
3.168 3.142
3.089 3.036
2.983 2.956
3.248 3.221
3.274 3.248
3.116 3.089
2.93 2.93
3.009 2.983
3.116 3.063
3.036 3.036
3.036 3.036
3.142 3.089
3.274 3.248
3.433 3.406
3.485 3.459
3.354 3.301
3.274 3.221
3.327 3.301
3.406 3.354
3.459 3.433
3.512 3.459
3.538 3.485
3.538 3.512
3.564 3.538
3.591 3.564
3.617 3.564
3.617 3.564
3.564 3.564
3.591 3.564
3.512 3.459
3.301 3.274
3.142 3.089
2.983 2.93
2.93 2.877
2.877 2.823
2.85 2.797
2.956 2.877
3.009 2.956
2.983 2.93
2.956 2.93
2.93 2.877
2.877 2.85
2.877 2.823
2.85 2.797
2.823 2.77
2.823 2.77
2.85 2.823
2.93 2.903
3.009 2.956
3.063 3.036
3.036 3.009
3.036 3.009
3.063 3.009
3.063 3.036
3.063 3.036
3.063 3.036
3.089 3.036
3.089 3.063
3.089 3.063
3.089 3.063
3.089 3.036
3.063 3.036
3.036 3.009
3.063 3.036
3.036 2.983
3.036 3.009
3.036 2.983
3.036 3.009
3.036 2.983
2.983 2.956
3.009 2.983
3.009 2.983
3.036 3.009
3.089 3.036
3.089 3.036
3.063 3.036
3.036 3.036
3.036 3.009
3.009 2.983
2.983 2.983
2.93 2.93
2.85 2.823
2.77 2.717
2.717 2.69
2.664 2.637
2.637 2.61
2.664 2.61
2.637 2.61
2.503 2.477
2.477 2.45
2.396 2.37
2.316 2.289
2.289 2.236
2.236 2.209
2.209 2.155
2.182 2.128
2.155 2.128
2.155 2.128
2.155 2.128
2.155 2.128
2.128 2.101
2.155 2.101
2.128 2.101
2.128 2.074
2.074 2.047
2.074 2.021
2.074 2.021
2.074 2.021
2.047 2.021
2.074 2.021
2.074 2.021
2.074 2.047
2.101 2.074
2.128 2.101
2.128 2.101
2.128 2.101
2.128 2.074
2.128 2.074
2.074 2.047
2.074 2.047
2.074 2.021
2.074 2.021
2.128 2.101
2.289 2.262
2.236 2.209
2.182 2.155
2.155 2.128
2.128 2.074
2.101 2.074
2.128 2.074
2.289 2.262
2.37 2.343
2.37 2.343
2.37 2.343
2.37 2.343
2.343 2.316
2.343 2.289
2.343 2.289
2.343 2.289
2.316 2.262
2.316 2.262
2.316 2.262
2.316 2.262
2.343 2.262
2.316 2.262
2.343 2.262
2.343 2.289
2.343 2.289
2.37 2.289
2.343 2.289
2.396 2.343
2.423 2.37
2.45 2.396
2.503 2.45
2.53 2.45
2.53 2.503
2.584 2.503
2.61 2.557
2.637 2.584
2.69 2.61
2.744 2.664
2.77 2.717
2.823 2.77
2.903 2.823
2.93 2.823
2.983 2.903
2.983 2.877
3.036 2.983
3.089 2.983
3.089 3.009
3.142 3.036
3.168 3.089
3.221 3.116
3.301 3.142
3.301 3.248
3.301 3.248
3.327 3.274
3.406 3.354
3.433 3.354
3.459 3.354
3.433 3.38
3.406 3.38
3.406 3.38
3.433 3.406
3.433 3.406
3.459 3.406
3.433 3.406
3.433 3.406
3.38 3.406
3.406 3.38
3.406 3.38
3.38 3.38
3.38 3.38
3.354 3.38
3.354 3.38
3.354 3.38
3.354 3.406
3.354 3.38
3.354 3.354
3.354 3.354
3.354 3.354
3.274 3.327
3.274 3.354
3.327 3.301
3.354 3.301
3.354 3.301
3.327 3.274
3.301 3.248
3.274 3.248
3.248 3.221
3.248 3.195
3.248 3.195
3.221 3.195
3.221 3.195
3.248 3.195
3.301 3.274
3.327 3.301
3.38 3.354
3.406 3.354
3.406 3.38
3.406 3.38
3.406 3.354
3.38 3.327
3.274 3.274
3.195 3.142
3.116 3.116
3.036 3.089
3.116 3.089
2.93 3.063
3.009 3.089
3.036 3.063
3.089 3.036
3.089 3.036
3.089 3.036
3.089 3.063
3.089 3.063
3.063 3.036
3.089 3.036
3.036 3.036
3.036 3.036
3.036 3.036
3.036 3.009
2.983 2.983
3.009 2.983
3.009 2.983
2.983 2.956
2.956 2.956
2.956 2.93
2.956 2.93
2.93 2.93
2.956 2.93
2.877 2.93
2.903 2.93
2.903 2.877
2.77 2.903
2.77 2.85
2.877 2.877
2.637 2.85
2.717 2.877
2.77 2.877
2.343 2.877
2.61 2.85
2.664 2.823
2.744 2.877
2.45 2.823
2.744 2.85
2.744 2.77
2.717 2.744
2.61 2.77
2.584 2.77
2.61 2.77
2.69 2.744
2.744 2.717
2.664 2.717
2.717 2.717
2.69 2.717
2.61 2.717
2.69 2.69
2.664 2.664
2.664 2.664
2.717 2.664
2.717 2.664
2.717 2.664
2.717 2.664
2.69 2.664
2.717 2.637
2.69 2.637
2.717 2.664
2.664 2.664
2.797 2.664
2.77 2.69
2.797 2.69
2.85 2.717
2.877 2.717
2.877 2.77
2.93 2.77
2.93 2.797
2.983 2.797
2.93 2.85
2.93 2.85
2.93 2.877
2.956 2.903
3.009 2.903
3.036 2.93
3.036 2.956
3.063 2.983
3.089 3.009
3.116 3.009
3.142 3.036
3.195 3.089
3.221 3.116
3.248 3.142
3.274 3.195
3.274 3.195
3.301 3.248
3.354 3.248
3.354 3.248
3.406 3.327
3.459 3.354
3.459 3.406
3.485 3.406
3.485 3.38
3.485 3.38
3.485 3.38
3.459 3.38
3.433 3.38
3.459 3.354
3.433 3.38
3.433 3.354
3.406 3.354
3.406 3.354
3.433 3.38
3.433 3.38
3.433 3.38
3.433 3.38
3.459 3.406
3.512 3.485
3.512 3.459
3.591 3.538
3.643 3.564
3.617 3.564
3.643 3.591
3.643 3.591
3.617 3.591
3.617 3.564
3.591 3.564
3.591 3.538
3.564 3.538
3.564 3.512
3.538 3.512
3.512 3.485
3.485 3.459
3.485 3.459
3.485 3.459
3.485 3.459
3.485 3.459
3.485 3.433
3.512 3.459
3.512 3.459
3.512 3.485
3.485 3.433
3.433 3.38
3.406 3.38
3.459 3.406
3.459 3.406
3.485 3.459
3.538 3.512
3.617 3.591
3.827 3.801
3.932 3.906
3.932 3.906
3.88 3.854
3.827 3.801
3.827 3.801
3.854 3.827
3.854 3.827
3.854 3.827
3.854 3.827
3.88 3.854
3.88 3.854
3.906 3.88
3.906 3.88
3.906 3.88
3.932 3.88
3.932 3.906
3.932 3.906
3.958 3.932
3.958 3.932
3.958 3.932
3.932 3.906
3.932 3.906
3.932 3.88
3.932 3.906
3.906 3.88
3.906 3.88
3.906 3.88
3.88 3.854
3.827 3.801
3.801 3.775
3.749 3.722
3.696 3.67
3.67 3.643
3.643 3.617
3.67 3.617
3.696 3.67
3.722 3.696
3.749 3.722
3.749 3.722
3.749 3.722
3.643 3.617
3.617 3.591
3.591 3.564
3.564 3.538
3.564 3.512
3.564 3.512
3.564 3.512
3.564 3.538
3.643 3.591
3.643 3.617
3.617 3.617
3.617 3.617
3.617 3.591
3.617 3.591
3.617 3.591
3.591 3.564
3.591 3.564
3.564 3.538
3.564 3.538
3.564 3.538
3.564 3.538
3.564 3.512
3.512 3.459
3.485 3.459
3.485 3.459
3.485 3.459
3.512 3.485
3.485 3.459
3.459 3.433
3.459 3.406
3.459 3.433
3.538 3.512
3.564 3.538
3.564 3.538
3.564 3.538
3.564 3.512
3.538 3.485
3.459 3.406
3.433 3.406
3.459 3.433
3.485 3.459
3.512 3.485
3.538 3.512
3.591 3.538
3.643 3.617
3.564 3.538
3.538 3.485
3.512 3.485
3.512 3.512
3.564 3.538
3.643 3.617
3.722 3.696
3.722 3.696
3.722 3.696
3.722 3.696
3.749 3.722
3.749 3.722
3.775 3.749
3.775 3.749
3.749 3.722
3.749 3.722
3.801 3.775
3.775 3.749
3.775 3.749
3.749 3.749
3.749 3.722
3.749 3.722
3.749 3.722
3.749 3.722
3.775 3.722
3.749 3.722
3.722 3.696
3.696 3.67
3.67 3.643
3.67 3.617
3.643 3.617
3.617 3.617
3.617 3.591
3.617 3.591
3.617 3.591
3.591 3.564
3.617 3.591
3.643 3.617
3.67 3.617
3.696 3.67
3.749 3.722
3.775 3.722
3.722 3.722
3.749 3.722
3.775 3.749
3.775 3.775
3.775 3.749
3.775 3.749
3.775 3.749
3.749 3.722
3.775 3.749
3.775 3.749
3.775 3.749
3.775 3.749
3.775 3.775
3.775 3.749
3.749 3.749
3.749 3.722
3.749 3.722
3.749 3.722
3.749 3.722
3.749 3.722
3.749 3.722
3.722 3.696
3.722 3.696
3.67 3.67
3.67 3.643
3.643 3.617
3.643 3.617
3.67 3.643
3.67 3.643
3.643 3.617
3.643 3.617
3.643 3.617
3.617 3.617
3.617 3.591
3.617 3.591
3.617 3.591
3.617 3.591
3.617 3.591
3.591 3.564
3.564 3.538
3.538 3.538
3.512 3.512
3.512 3.485
3.512 3.485
3.512 3.485
3.485 3.485
3.485 3.459
3.459 3.459
3.459 3.459
3.459 3.433
3.459 3.433
3.433 3.406
3.433 3.406
3.433 3.406
3.406 3.38
3.38 3.354
3.354 3.354
3.354 3.327
3.301 3.301
3.301 3.301
3.274 3.248
3.248 3.221
3.221 3.221
3.221 3.195
3.221 3.195
3.195 3.195
3.221 3.195
3.221 3.195
3.195 3.195
3.221 3.195
3.195 3.195
3.168 3.168
3.142 3.142
3.168 3.142
3.168 3.142
3.142 3.142
3.116 3.089
3.116 3.089
3.063 3.089
3.063 3.063
3.063 3.036
3.063 3.036
3.036 3.036
3.063 3.036
3.036 3.036
3.063 3.036
3.089 3.063
3.089 3.063
3.116 3.089
3.116 3.089
3.142 3.116
3.142 3.116
3.142 3.116
3.142 3.142
3.195 3.142
3.221 3.195
3.248 3.195
3.221 3.195
3.221 3.195
3.248 3.221
3.301 3.248
3.301 3.248
3.301 3.248
3.274 3.248
3.274 3.248
3.301 3.248
3.301 3.248
3.274 3.248
3.301 3.274
3.301 3.274
3.301 3.274
3.301 3.301
3.327 3.301
3.327 3.301
3.301 3.301
3.327 3.327
3.354 3.327
3.354 3.354
3.354 3.354
3.354 3.354
3.354 3.354
3.354 3.354
3.38 3.354
3.354 3.354
3.354 3.354
3.354 3.354
3.354 3.354
3.354 3.354
3.327 3.327
3.354 3.354
3.327 3.327
3.301 3.327
3.301 3.301
3.274 3.301
3.274 3.301
3.248 3.274
3.274 3.301
3.301 3.274
3.301 3.301
3.274 3.274
3.274 3.274
3.301 3.274
3.274 3.274
3.274 3.274
3.142 3.274
3.195 3.274
3.221 3.274
3.142 3.274
3.116 3.274
3.116 3.274
2.85 3.274
3.195 3.248
3.221 3.221
3.116 3.221
3.248 3.248
3.195 3.221
3.221 3.221
3.221 3.221
3.221 3.195
3.221 3.221
3.221 3.221
3.221 3.221
3.195 3.195
3.195 3.195
3.195 3.195
3.168 3.168
3.142 3.168
3.089 3.168
3.142 3.142
3.116 3.116
3.116 3.116
3.089 3.089
3.089 3.089
3.089 3.089
3.089 3.089
3.063 3.089
3.063 3.089
3.063 3.063
3.063 3.036
3.036 3.036
3.036 3.009
3.009 3.009
2.983 2.983
2.956 2.956
2.93 2.956
2.956 2.93
2.956 2.93
2.903 2.93
2.877 2.903
2.823 2.877
2.823 2.85
2.797 2.85
2.797 2.823
2.744 2.823
2.717 2.823
2.77 2.823
2.77 2.823
2.744 2.797
2.744 2.77
2.717 2.77
2.584 2.744
2.557 2.717
2.637 2.717
2.557 2.717
2.61 2.69
2.637 2.717
2.69 2.664
2.717 2.69
2.717 2.717
2.77 2.744
2.797 2.77
2.797 2.77
2.797 2.77
2.85 2.823
2.85 2.823
2.85 2.85
2.877 2.85
2.903 2.877
2.903 2.903
2.93 2.903
2.93 2.93
2.93 2.903
2.93 2.903
2.903 2.877
2.877 2.877
2.877 2.85
2.85 2.85
2.85 2.823
2.823 2.797
2.77 2.744
2.744 2.717
2.744 2.717
2.717 2.69
2.717 2.664
2.664 2.664
2.69 2.637
2.69 2.69
2.744 2.717
2.797 2.77
2.85 2.823
2.797 2.77
2.77 2.744
2.77 2.717
2.77 2.77
2.797 2.77
2.85 2.823
2.877 2.823
2.877 2.823
2.877 2.85
2.877 2.85
2.823 2.823
2.877 2.85
2.877 2.85
2.877 2.85
2.877 2.85
2.903 2.877
2.903 2.877
2.903 2.903
2.956 2.93
2.93 2.93
2.93 2.93
2.903 2.903
2.93 2.903
2.956 2.93
2.956 2.93
2.983 2.956
2.983 2.956
3.009 2.983
3.009 2.983
3.009 2.983
2.983 2.983
3.036 3.009
3.036 3.009
3.009 2.983
3.036 3.009
3.036 3.009
3.036 3.009
3.009 2.983
2.983 2.983
2.983 2.956
2.983 2.956
2.983 2.956
2.983 2.983
2.956 2.93
2.956 2.93
2.983 2.956
2.956 2.93
2.983 2.956
2.983 2.956
2.983 2.956
2.93 2.93
2.93 2.93
2.93 2.903
2.877 2.877
2.85 2.823
2.823 2.797
2.797 2.77
2.77 2.77
2.77 2.77
2.77 2.744
2.77 2.717
2.717 2.717
2.717 2.69
2.69 2.69
2.69 2.664
2.69 2.664
2.637 2.637
2.584 2.584
2.61 2.584
2.584 2.557
2.557 2.53
2.557 2.557
2.584 2.584
2.61 2.61
2.637 2.61
2.637 2.61
2.61 2.61
2.61 2.61
2.61 2.61
2.584 2.584
2.557 2.557
2.557 2.557
2.557 2.557
2.584 2.557
2.557 2.53
2.53 2.503
2.53 2.503
2.53 2.503
2.503 2.503
2.503 2.503
2.477 2.477
2.477 2.477
2.477 2.45
2.45 2.45
2.45 2.423
2.423 2.396
2.396 2.396
2.396 2.396
2.396 2.396
2.396 2.37
2.37 2.37
2.343 2.343
2.343 2.343
2.343 2.316
2.316 2.289
2.289 2.262
2.262 2.262
2.262 2.236
2.236 2.209
2.155 2.155
2.182 2.155
2.155 2.128
2.128 2.128
2.074 2.074
2.021 2.021
1.994 1.994
1.994 1.994
1.913 1.967
1.859 1.913
1.805 1.859
1.859 1.886
1.859 1.886
1.913 1.913
1.913 1.913
1.967 1.967
2.021 2.021
2.021 2.021
2.021 1.994
1.967 1.967
1.859 1.859
1.805 1.805
1.859 1.805
1.859 1.832
1.913 1.886
1.94 1.913
1.967 1.967
2.021 1.994
2.074 2.021
2.128 2.074
2.155 2.128
2.182 2.128
2.182 2.128
2.209 2.155
2.262 2.209
2.316 2.262
2.343 2.289
2.37 2.316
2.396 2.343
2.45 2.396
2.503 2.45
2.503 2.477
2.503 2.477
2.503 2.45
2.503 2.45
2.503 2.45
2.53 2.477
2.557 2.477
2.53 2.477
2.53 2.477
2.503 2.45
2.396 2.343
2.236 2.155
2.128 2.101
2.128 2.074
2.209 2.155
2.289 2.236
2.343 2.289
